#' List of watery palettes, 8 or 5 values long.
#'
#' @export
#'
sea <- list(
  "1.8" = c("#0D2B52FF", "#2B4567FF", "#49607DFF", "#677A92FF",
            "#8694A8FF", "#A4AFBEFF", "#C2CAD3FF", "#E0E4E9FF"),
  "2.8" = c("#008AA1FF", "#1F98ACFF", "#3FA7B8FF", "#5FB5C4FF",
            "#7FC4D0FF", "#9FD3DBFF", "#BFE1E7FF", "#DFF0F3FF"),
  "3.8" = c("#202D85FF", "#3B4794FF", "#5761A3FF", "#737BB2FF",
            "#8F96C2FF", "#ABB0D1FF", "#C7CAE0FF", "#E3E4EFFF"),
  "4.8" = c("#417777FF", "#588888FF", "#709999FF", "#88AAAAFF",
            "#A0BBBBFF", "#B7CCCCFF", "#CFDDDDFF", "#E7EEEEFF"),
  "5.8" = c("#1B3644FF", "#374F5BFF", "#546872FF", "#70818AFF",
            "#8D9AA1FF", "#A9B3B8FF", "#C6CCD0FF", "#E2E5E7FF"),
  "1.5" = c("#0D2B52FF", "#3D5574FF", "#6D7F97FF", "#9EAAB9FF", "#CED4DCFF"),
  "2.5" = c("#008AA1FF", "#33A1B3FF", "#66B8C6FF", "#99D0D9FF", "#CCE7ECFF"),
  "3.5" = c("#202D85FF", "#4C579DFF", "#7981B5FF", "#A5ABCEFF", "#D2D5E6FF"),
  "4.5" = c("#417777FF", "#679292FF", "#8DADADFF", "#B3C8C8FF", "#D9E3E3FF"),
  "5.5" = c("#1B3644FF", "#485E69FF", "#76868EFF", "#A3AEB4FF", "#D1D6D9FF"),
  "1.8" = c(),
  "2.8" = c(),
  "3.8" = c(),
  "4.8" = c(),
  "5.8" = c(),
  "1.5" = c(),
  "2.5" = c(),
  "3.5" = c(),
  "4.5" = c(),
  "5.5" = c(),
  "1.3" = c(),
  "2.3" = c(),
  "3.3" = c(),
  "4.3" = c(),
  "5.3" = c()
)